IN|OUT|WIP|mail room_Processed|mail room_WIP|PFR check_Processed|PFR check_WIP|Analyst_Processed|Analyst_WIP|Pay_Processed|Pay_WIP
1|3|10|3|1|0|6|3|0|3|3
3|3|10|1|3|0|7|0|0|3|0
3|0|13|3|3|4|6|0|4|0|0
4|0|17|3|4|4|5|4|4|0|4
6|4|19|4|6|3|6|4|3|4|4
5|4|20|6|5|0|12|3|0|4|3
2|3|19|5|2|1|16|0|1|3|0
4|0|23|2|4|3|15|1|3|0|1
2|1|24|4|2|0|19|3|0|1|3
3|3|24|2|3|3|18|0|3|3|0
6|0|30|3|6|2|19|3|2|0|3
4|3|31|5|5|1|23|2|1|3|2
5|2|34|5|5|4|24|1|4|2|1
2|1|35|5|2|0|29|4|0|1|4
1|4|32|2|1|4|27|0|4|4|0
5|0|37|1|5|4|24|4|4|0|4
6|4|39|5|6|2|27|4|2|4|4
4|4|39|5|5|0|32|2|0|4|2
1|2|38|5|1|3|34|0|3|2|0
3|0|41|1|3|2|33|3|2|0|3
3|3|41|3|3|1|35|2|1|3|2
3|2|42|3|3|1|37|1|1|2|1
4|1|45|3|4|2|38|1|2|1|1
4|1|48|4|4|4|38|2|4|1|2
4|2|50|4|4|3|39|4|3|2|4
1|4|47|4|1|0|43|3|0|4|3
2|3|46|1|2|0|44|0|0|3|0
5|0|51|2|5|3|43|0|3|0|0
3|0|54|5|3|3|45|3|3|0|3
5|3|56|3|5|1|47|3|1|3|3
3|3|56|5|3|4|48|1|4|3|1
4|1|59|3|4|1|50|4|1|1|4
6|4|61|4|6|0|54|1|0|4|1
3|1|63|6|3|2|58|0|2|1|0
3|0|66|3|3|1|60|2|1|0|2
5|2|69|3|5|0|63|1|0|2|1
3|1|71|5|3|0|68|0|0|1|0
6|0|77|3|6|2|69|0|2|0|0
5|0|82|6|5|0|75|2|0|0|2
3|2|83|5|3|2|78|0|2|2|0
3|0|86|3|3|1|80|2|1|0|2
6|2|90|3|6|4|79|1|4|2|1
3|1|92|6|3|0|85|4|0|1|4
6|4|94|3|6|2|86|0|2|4|0
6|0|100|6|6|0|92|2|0|0|2
4|2|102|5|5|3|94|0|3|2|0
2|0|104|5|2|3|96|3|3|0|3
4|3|105|2|4|4|94|3|4|3|3
5|3|107|4|5|2|96|4|2|3|4
5|4|108|5|5|2|99|2|2|4|2
4|2|110|5|4|3|101|2|3|2|2
2|2|110|4|2|3|102|3|3|2|3
4|3|111|2|4|4|100|3|4|3|3
1|3|109|4|1|0|104|4|0|3|4
3|4|108|1|3|2|103|0|2|4|0
3|0|111|3|3|0|106|2|0|0|2
3|2|112|3|3|0|109|0|0|2|0
6|0|118|3|6|2|110|0|2|0|0
2|0|120|5|3|4|111|2|4|0|2
4|2|122|3|4|0|114|4|0|2|4
6|4|124|4|6|2|116|0|2|4|0
4|0|128|5|5|2|119|2|2|0|2
6|2|132|5|6|1|123|2|1|2|2
2|2|132|5|3|3|125|1|3|2|1
6|1|137|3|6|2|126|3|2|1|3
2|3|136|6|2|0|132|2|0|3|2
5|2|139|2|5|1|133|0|1|2|0
1|0|140|5|1|1|137|1|1|0|1
2|1|141|1|2|2|136|1|2|1|1
1|1|141|2|1|3|135|2|3|1|2
1|2|140|1|1|2|134|3|2|2|3
3|3|140|1|3|3|132|2|3|3|2
3|2|141|3|3|0|135|3|0|2|3
6|3|144|3|6|3|135|0|3|3|0
5|0|149|6|5|4|137|3|4|0|3
1|3|147|5|1|4|138|4|4|3|4
1|4|144|1|1|2|137|4|2|4|4
4|4|144|1|4|0|138|2|0|4|2
5|2|147|4|5|3|139|0|3|2|0
4|0|151|5|4|0|144|3|0|0|3
3|3|151|4|3|1|147|0|1|3|0
4|0|155|3|4|0|150|1|0|0|1
5|1|159|4|5|3|151|0|3|1|0
6|0|165|5|6|2|154|3|2|0|3
3|3|165|6|3|0|160|2|0|3|2
3|2|166|3|3|1|162|0|1|2|0
1|0|167|3|1|4|161|1|4|0|1
3|1|169|1|3|3|159|4|3|1|4
5|4|170|3|5|3|159|3|3|4|3
3|3|170|5|3|3|161|3|3|3|3
3|3|170|3|3|0|164|3|0|3|3
2|3|169|3|2|0|167|0|0|3|0
1|0|170|2|1|4|165|0|4|0|0
5|0|175|1|5|0|166|4|0|0|4
6|4|177|5|6|2|169|0|2|4|0
1|0|178|6|1|1|174|2|1|0|2
5|2|181|1|5|3|172|1|3|2|1
5|1|185|5|5|0|177|3|0|1|3
1|3|183|5|1|0|182|0|0|3|0
3|0|186|1|3|3|180|0|3|0|0
4|0|190|3|4|2|181|3|2|0|3
6|3|193|4|6|0|185|2|0|3|2
3|2|194|5|4|3|187|0|3|2|0
4|0|198|4|4|2|189|3|2|0|3
4|3|199|4|4|0|193|2|0|3|2
6|2|203|4|6|2|195|0|2|2|0
5|0|208|5|6|1|199|2|1|0|2
1|2|207|5|2|0|204|1|0|2|1
3|1|209|2|3|1|205|0|1|1|0
6|0|215|3|6|4|204|1|4|0|1
5|1|219|6|5|0|210|4|0|1|4
2|4|217|5|2|3|212|0|3|4|0
6|0|223|2|6|0|214|3|0|0|3
3|3|223|5|4|0|219|0|0|3|0
2|0|225|4|2|4|219|0|4|0|0
5|0|230|2|5|3|218|4|3|0|4
1|4|227|5|1|1|222|3|1|4|3
1|3|225|1|1|4|219|1|4|3|1
3|1|227|1|3|4|216|4|4|1|4
2|4|225|3|2|0|219|4|0|4|4
2|4|223|2|2|3|218|0|3|4|0
4|0|227|2|4|1|219|3|1|0|3
1|3|225|4|1|1|222|1|1|3|1
2|1|226|1|2|0|223|1|0|1|1
2|1|227|2|2|0|225|0|0|1|0
1|0|228|2|1|4|223|0|4|0|0
4|0|232|1|4|2|222|4|2|0|4
1|4|229|4|1|0|226|2|0|4|2
1|2|228|1|1|3|224|0|3|2|0
6|0|234|1|6|0|225|3|0|0|3
1|3|232|6|1|4|227|0|4|3|0
2|0|234|1|2|3|225|4|3|0|4
3|4|233|2|3|0|227|3|0|4|3
2|3|232|3|2|1|229|0|1|3|0
6|0|238|2|6|2|229|1|2|0|1
2|1|239|5|3|1|233|2|1|1|2
3|2|240|3|3|1|235|1|1|2|1
2|1|241|3|2|4|234|1|4|1|1
4|1|244|2|4|1|235|4|1|1|4
5|4|245|4|5|2|237|1|2|4|1
3|1|247|5|3|0|242|2|0|1|2
4|2|249|3|4|3|242|0|3|2|0
2|0|251|4|2|0|246|3|0|0|3
4|3|252|2|4|3|245|0|3|3|0
5|0|257|4|5|4|245|3|4|0|3
6|3|260|5|6|4|246|4|4|3|4
4|4|260|6|4|4|248|4|4|4|4
2|4|258|4|2|2|250|4|2|4|4
4|4|258|2|4|2|250|2|2|4|2
4|2|260|4|4|2|252|2|2|2|2
3|2|261|4|3|3|253|2|3|2|2
3|2|262|3|3|4|252|3|4|2|3
6|3|265|3|6|2|253|4|2|3|4
4|4|265|6|4|2|257|2|2|4|2
5|2|268|4|5|4|257|2|4|2|2
5|2|271|5|5|0|262|4|0|2|4
5|4|272|5|5|3|264|0|3|4|0
1|0|273|5|1|3|266|3|3|0|3
4|3|274|1|4|4|263|3|4|3|3
5|3|276|4|5|3|264|4|3|3|4
5|4|277|5|5|3|266|3|3|4|3
1|3|275|5|1|4|267|3|4|3|3
5|3|277|1|5|2|266|4|2|3|4
4|4|277|5|4|0|271|2|0|4|2
3|2|278|4|3|4|271|0|4|2|0
2|0|280|3|2|0|274|4|0|0|4
3|4|279|2|3|4|272|0|4|4|0
2|0|281|3|2|3|272|4|3|0|4
4|4|281|2|4|0|274|3|0|4|3
4|3|282|4|4|3|275|0|3|3|0
3|0|285|4|3|1|278|3|1|0|3
4|3|286|3|4|0|281|1|0|3|1
3|1|288|4|3|1|284|0|1|1|0
2|0|290|3|2|2|285|1|2|0|1
4|1|293|2|4|1|286|2|1|1|2
6|2|297|4|6|3|287|1|3|2|1
5|1|301|6|5|2|291|3|2|1|3
6|3|304|5|6|1|295|2|1|3|2
4|2|306|5|5|0|300|1|0|2|1
6|1|311|5|6|3|302|0|3|1|0
1|0|312|5|2|4|303|3|4|0|3
1|3|310|2|1|2|303|4|2|3|4
6|4|312|1|6|1|303|2|1|4|2
2|2|312|5|3|1|307|1|1|2|1
5|1|316|3|5|4|306|1|4|1|1
2|1|317|5|2|4|307|4|4|1|4
3|4|316|2|3|0|309|4|0|4|4
4|4|316|3|4|2|310|0|2|4|0
5|0|321|4|5|2|312|2|2|0|2
1|2|320|5|1|2|315|2|2|2|2
2|2|320|1|2|1|315|2|1|2|2
5|2|323|2|5|3|314|1|3|2|1
5|1|327|5|5|0|319|3|0|1|3
3|3|327|5|3|4|320|0|4|3|0
3|0|330|3|3|3|320|4|3|0|4
5|4|331|3|5|1|322|3|1|4|3
2|3|330|5|2|3|324|1|3|3|1
6|1|335|2|6|3|323|3|3|1|3
4|3|336|6|4|1|328|3|1|3|3
3|3|336|4|3|1|331|1|1|3|1
