IN|OUT|WIP|mail room_Processed|mail room_WIP|PFR check_Processed|PFR check_WIP|Analyst_Processed|Analyst_WIP|Pay_Processed|Pay_WIP
4|3|13|3|4|2|4|3|2|3|3
4|3|14|4|4|3|5|1|4|3|1
4|1|17|3|5|4|4|3|5|1|3
4|3|18|1|8|1|4|5|1|3|5
4|5|17|1|11|4|1|1|4|5|1
4|1|20|6|9|1|6|4|1|1|4
4|4|20|3|10|1|8|1|1|4|1
4|1|23|6|8|3|11|1|3|1|1
4|1|26|5|7|5|11|3|5|1|3
4|3|27|5|6|5|11|1|9|3|1
4|1|30|3|7|5|9|6|8|1|6
4|6|28|5|6|3|11|5|6|6|5
4|2|30|4|6|1|14|1|6|2|4
4|4|30|3|7|4|13|4|6|4|4
4|2|32|2|9|2|13|6|2|2|8
4|6|30|3|10|6|10|2|6|6|4
4|2|32|4|10|2|12|6|2|2|8
4|1|35|1|13|4|9|2|4|1|9
4|2|37|6|11|2|13|2|4|2|9
4|5|36|1|14|2|12|4|2|5|8
4|3|37|3|15|1|14|2|1|3|7
4|6|35|1|18|1|14|1|1|6|2
4|1|38|2|20|3|13|1|3|1|2
4|2|40|4|20|5|12|3|5|2|3
4|3|41|2|22|5|9|5|5|3|5
4|5|40|5|21|1|13|1|5|5|1
4|1|43|6|19|6|13|4|7|1|4
4|1|46|5|18|6|12|5|8|1|8
4|3|47|6|16|6|12|1|13|3|6
4|5|46|4|16|4|12|2|15|5|3
4|3|47|6|14|5|13|1|19|3|1
4|1|50|4|14|6|11|6|19|1|6
4|4|50|4|14|3|12|3|19|4|5
4|5|49|1|17|3|10|1|21|5|1
4|1|52|6|15|4|12|1|24|1|1
4|1|55|6|13|3|15|5|22|1|5
4|5|54|3|14|2|16|6|18|5|6
4|5|53|6|12|2|20|5|15|5|6
4|4|53|5|11|2|23|5|12|4|7
4|2|55|1|14|4|20|6|10|2|11
4|3|56|5|13|1|24|3|8|3|11
4|1|59|2|15|4|22|4|8|1|14
4|6|57|3|16|6|19|5|9|6|13
4|6|55|3|17|1|21|4|6|6|11
4|5|54|3|18|6|18|3|9|5|9
4|5|53|5|17|2|21|4|7|5|8
4|6|51|2|19|5|18|6|6|6|8
4|1|54|3|20|1|20|4|3|1|11
4|5|53|5|19|3|22|3|3|5|9
4|5|52|3|20|6|19|3|6|5|7
4|3|53|4|20|3|20|5|4|3|9
4|6|51|3|21|2|21|4|2|6|7
4|5|50|5|20|5|21|2|5|5|4
4|4|50|5|19|2|24|2|5|4|2
4|2|52|4|19|5|23|3|7|2|3
4|2|54|3|20|2|24|3|6|2|4
4|4|54|5|19|1|28|3|4|4|3
4|3|55|4|19|2|30|3|3|3|3
4|1|58|5|18|6|29|3|6|1|5
4|2|60|2|20|4|27|5|5|2|8
4|3|61|5|19|3|29|5|3|3|10
4|4|61|2|21|1|30|3|1|4|9
4|4|61|3|22|1|32|1|1|4|6
4|6|59|5|21|5|32|1|5|6|1
4|1|62|3|22|6|29|3|8|1|3
4|1|65|4|22|2|31|5|5|1|7
4|4|65|5|21|1|35|2|4|4|5
4|4|65|2|23|6|31|4|6|4|5
4|1|68|3|24|6|28|4|8|1|8
4|2|70|2|26|1|29|1|8|2|7
4|6|68|2|28|6|25|6|8|6|7
4|2|70|1|31|3|23|3|8|2|8
4|3|71|6|29|6|23|2|12|3|7
4|4|71|6|27|4|25|3|13|4|6
4|5|70|1|30|6|20|1|18|5|2
4|2|72|4|30|6|18|3|21|2|3
4|3|73|3|31|2|19|1|22|3|1
4|1|76|1|34|1|19|1|22|1|1
4|1|79|2|36|5|16|5|22|1|5
4|1|82|6|34|1|21|6|17|1|10
4|3|83|3|35|4|20|2|19|3|9
4|4|83|4|35|6|18|2|23|4|7
4|5|82|2|37|1|19|1|23|5|3
4|3|83|3|38|1|21|2|22|3|2
4|1|86|1|41|5|17|5|22|1|6
4|6|84|2|43|2|17|1|23|6|1
4|1|87|1|46|2|16|3|22|1|3
4|1|90|4|46|2|18|3|21|1|5
4|2|92|5|45|3|20|1|23|2|4
4|4|92|2|47|1|21|2|22|4|2
4|2|94|3|48|3|21|4|21|2|4
4|1|97|2|50|6|17|4|23|1|7
4|5|96|1|53|2|16|3|22|5|5
4|3|97|4|53|5|15|3|24|3|5
4|3|98|6|51|6|15|5|25|3|7
4|1|101|3|52|6|12|2|29|1|8
4|1|104|3|53|2|13|3|28|1|10
4|4|104|1|56|1|13|4|25|4|10
4|2|106|5|55|2|16|5|22|2|13
4|5|105|6|53|4|18|6|20|5|14
4|4|105|1|56|4|15|4|20|4|14
4|1|108|1|59|1|15|5|16|1|18
4|6|106|2|61|4|13|2|18|6|14
4|2|108|3|62|2|14|6|14|2|18
4|5|107|5|61|1|18|1|14|5|14
4|1|110|5|60|4|19|3|15|1|16
4|1|113|2|62|3|18|5|13|1|20
4|5|112|6|60|6|18|1|18|5|16
4|5|111|5|59|1|22|5|14|5|16
4|1|114|3|60|5|20|3|16|1|18
4|1|117|4|60|2|22|3|15|1|20
4|4|117|6|58|3|25|6|12|4|22
4|3|118|2|60|3|24|5|10|3|24
4|6|116|6|58|5|25|4|11|6|22
4|2|118|3|59|6|22|6|11|2|26
4|2|120|5|58|1|26|5|7|2|29
4|6|118|4|58|5|25|5|7|6|28
4|3|119|1|61|5|21|2|10|3|27
4|3|120|2|63|2|21|3|9|3|27
4|1|123|1|66|6|16|2|13|1|28
4|3|124|4|66|3|17|2|14|3|27
4|4|124|5|65|4|18|4|14|4|27
4|4|124|6|63|3|21|1|16|4|24
4|6|122|1|66|1|21|4|13|6|22
4|6|120|2|68|3|20|1|15|6|17
4|4|120|3|69|4|19|5|14|4|18
4|5|119|2|71|3|18|3|14|5|16
4|4|119|5|70|6|17|1|19|4|13
4|5|118|1|73|3|15|4|18|5|12
4|2|120|2|75|4|13|1|21|2|11
4|3|121|5|74|1|17|4|18|3|12
4|3|122|6|72|1|22|2|17|3|11
4|6|120|3|73|6|19|5|18|6|10
4|1|123|6|71|2|23|3|17|1|12
4|3|124|4|71|4|23|6|15|3|15
4|1|127|2|73|5|20|6|14|1|20
4|6|125|2|75|6|16|6|14|6|20
4|4|125|6|73|3|19|5|12|4|21
4|1|128|1|76|5|15|2|15|1|22
4|6|126|3|77|5|13|2|18|6|18
4|2|128|3|78|6|10|4|20|2|20
4|2|130|6|76|5|11|5|20|2|23
4|6|128|1|79|1|11|6|15|6|23
4|2|130|1|82|1|11|1|15|2|22
4|2|132|4|82|5|10|6|14|2|26
4|6|130|2|84|2|10|1|15|6|21
4|2|132|2|86|5|7|4|16|2|23
4|6|130|5|85|6|6|3|19|6|20
4|2|132|3|86|4|5|2|21|2|20
4|1|135|3|87|5|3|1|25|1|20
4|1|138|2|89|3|2|6|22|1|25
4|2|140|1|92|2|1|3|21|2|26
4|1|143|2|94|1|2|3|19|1|28
4|2|145|3|95|2|3|5|16|2|31
4|1|148|6|93|3|6|4|15|1|34
4|3|149|2|95|1|7|6|10|3|37
4|5|148|3|96|1|9|2|9|5|34
4|5|147|2|98|4|7|1|12|5|30
4|1|150|2|100|5|4|2|15|1|31
4|4|150|1|103|4|1|1|18|4|28
4|2|152|6|101|1|6|2|17|2|28
4|5|151|1|104|5|2|5|17|5|28
4|1|154|4|104|2|4|5|14|1|32
4|6|152|1|107|4|1|2|16|6|28
4|3|153|3|108|1|3|5|12|3|30
4|2|155|4|108|1|6|4|9|2|32
4|5|154|4|108|3|7|1|11|5|28
4|2|156|2|110|1|8|1|11|2|27
4|4|156|2|112|4|6|6|9|4|29
4|1|159|3|113|5|4|2|12|1|30
4|2|161|2|115|4|2|2|14|2|30
4|4|161|6|113|2|6|2|14|4|28
4|5|160|1|116|2|5|2|14|5|25
4|5|159|6|114|3|8|5|12|5|25
4|5|158|2|116|6|4|5|13|5|25
4|3|159|4|116|2|6|6|9|3|28
4|4|159|6|114|2|10|6|5|4|30
4|6|157|2|116|5|7|5|5|6|29
4|2|159|5|115|3|9|3|5|2|30
4|4|159|6|113|3|12|4|4|4|30
4|6|157|4|113|5|11|1|8|6|25
4|5|156|6|111|6|11|1|13|5|21
4|6|154|5|110|4|12|1|16|6|16
4|6|152|5|109|4|13|1|19|6|11
4|6|150|3|110|3|13|2|20|6|7
4|2|152|3|111|6|10|5|21|2|10
4|2|154|2|113|5|7|5|21|2|13
4|6|152|2|115|4|5|2|23|6|9
4|1|155|5|114|4|6|5|22|1|13
4|3|156|4|114|5|5|4|23|3|14
4|1|159|1|117|5|1|1|27|1|14
4|5|158|2|119|1|2|2|26|5|11
4|3|159|1|122|2|1|4|24|3|12
4|6|157|5|121|1|5|1|24|6|7
4|6|155|4|121|1|8|2|23|6|3
4|3|156|5|120|2|11|3|22|3|3
4|1|159|5|119|5|11|6|21|1|8
4|4|159|6|117|4|13|4|21|4|8
4|4|159|4|117|6|11|4|23|4|8
4|5|158|4|117|6|9|4|25|5|7
